3
-112 121 0
-111 122 0
15
-135 149 -135 151 0
-139 145 -139 151 0
-138 146 -138 151 0
-137 147 -137 151 0
-136 148 -136 151 0
-134 149 -134 152 0
-139 144 -139 152 0
-138 145 -138 152 0
-137 146 -137 152 0
-136 147 -136 152 0
-135 148 -135 152 0
-133 149 -133 153 0
-139 143 -139 153 0
-138 144 -138 153 0
-137 145 -137 153 0
-136 146 -136 153 0
-135 147 -135 153 0
-134 148 -134 153 0
-132 149 -132 154 0
-139 142 -139 154 0
-138 143 -138 154 0
-137 144 -137 154 0
-136 145 -136 154 0
-135 146 -135 154 0
-134 147 -134 154 0
-133 148 -133 154 0
-131 149 -131 155 0
-139 141 -139 155 0
-138 142 -138 155 0
-137 143 -137 155 0
-136 144 -136 155 0
-135 145 -135 155 0
-134 146 -134 155 0
-133 147 -133 155 0
-132 148 -132 155 0
-138 141 -138 156 0
-137 142 -137 156 0
-136 143 -136 156 0
-135 144 -135 156 0
-134 145 -134 156 0
-133 146 -133 156 0
-132 147 -132 156 0
-131 148 -131 156 0
-137 141 -137 157 0
-136 142 -136 157 0
-135 143 -135 157 0
-134 144 -134 157 0
-133 145 -133 157 0
-132 146 -132 157 0
-131 147 -131 157 0
-136 141 -136 158 0
-135 142 -135 158 0
-134 143 -134 158 0
-133 144 -133 158 0
-132 145 -132 158 0
-131 146 -131 158 0
22
-164 259 -164 269 -164 350 0
-169 254 -169 269 -169 350 0
-168 255 -168 269 -168 350 0
-167 256 -167 269 -167 350 0
-166 257 -166 269 -166 350 0
-165 258 -165 269 -165 350 0
-169 259 -169 264 -169 350 0
-168 259 -168 265 -168 350 0
-169 258 -169 265 -169 350 0
-167 259 -167 266 -167 350 0
-169 257 -169 266 -169 350 0
-168 258 -168 266 -168 350 0
-166 259 -166 267 -166 350 0
-169 256 -169 267 -169 350 0
-168 257 -168 267 -168 350 0
-167 258 -167 267 -167 350 0
-165 259 -165 268 -165 350 0
-169 255 -169 268 -169 350 0
-168 256 -168 268 -168 350 0
-167 257 -167 268 -167 350 0
-166 258 -166 268 -166 350 0
-163 259 -163 269 -163 351 0
-169 253 -169 269 -169 351 0
-168 254 -168 269 -168 351 0
-167 255 -167 269 -167 351 0
-166 256 -166 269 -166 351 0
-165 257 -165 269 -165 351 0
-164 258 -164 269 -164 351 0
-169 259 -169 263 -169 351 0
-168 259 -168 264 -168 351 0
-169 258 -169 264 -169 351 0
-167 259 -167 265 -167 351 0
-169 257 -169 265 -169 351 0
-168 258 -168 265 -168 351 0
-166 259 -166 266 -166 351 0
-169 256 -169 266 -169 351 0
-168 257 -168 266 -168 351 0
-167 258 -167 266 -167 351 0
-165 259 -165 267 -165 351 0
-169 255 -169 267 -169 351 0
-168 256 -168 267 -168 351 0
-167 257 -167 267 -167 351 0
-166 258 -166 267 -166 351 0
-164 259 -164 268 -164 351 0
-169 254 -169 268 -169 351 0
-168 255 -168 268 -168 351 0
-167 256 -167 268 -167 351 0
-166 257 -166 268 -166 351 0
-165 258 -165 268 -165 351 0
-162 259 -162 269 -162 352 0
-169 252 -169 269 -169 352 0
-168 253 -168 269 -168 352 0
-167 254 -167 269 -167 352 0
-166 255 -166 269 -166 352 0
-165 256 -165 269 -165 352 0
-164 257 -164 269 -164 352 0
-163 258 -163 269 -163 352 0
-169 259 -169 262 -169 352 0
-168 259 -168 263 -168 352 0
-169 258 -169 263 -169 352 0
-167 259 -167 264 -167 352 0
-169 257 -169 264 -169 352 0
-168 258 -168 264 -168 352 0
-166 259 -166 265 -166 352 0
-169 256 -169 265 -169 352 0
-168 257 -168 265 -168 352 0
-167 258 -167 265 -167 352 0
-165 259 -165 266 -165 352 0
-169 255 -169 266 -169 352 0
-168 256 -168 266 -168 352 0
-167 257 -167 266 -167 352 0
-166 258 -166 266 -166 352 0
-164 259 -164 267 -164 352 0
-169 254 -169 267 -169 352 0
-168 255 -168 267 -168 352 0
-167 256 -167 267 -167 352 0
-166 257 -166 267 -166 352 0
-165 258 -165 267 -165 352 0
-163 259 -163 268 -163 352 0
-169 253 -169 268 -169 352 0
-168 254 -168 268 -168 352 0
-167 255 -167 268 -167 352 0
-166 256 -166 268 -166 352 0
-165 257 -165 268 -165 352 0
-164 258 -164 268 -164 352 0
-161 259 -161 269 -161 353 0
-169 251 -169 269 -169 353 0
-168 252 -168 269 -168 353 0
-167 253 -167 269 -167 353 0
-166 254 -166 269 -166 353 0
-165 255 -165 269 -165 353 0
-164 256 -164 269 -164 353 0
-163 257 -163 269 -163 353 0
-162 258 -162 269 -162 353 0
-169 259 -169 261 -169 353 0
-168 259 -168 262 -168 353 0
-169 258 -169 262 -169 353 0
-167 259 -167 263 -167 353 0
-169 257 -169 263 -169 353 0
-168 258 -168 263 -168 353 0
-166 259 -166 264 -166 353 0
-169 256 -169 264 -169 353 0
-168 257 -168 264 -168 353 0
-167 258 -167 264 -167 353 0
-165 259 -165 265 -165 353 0
-169 255 -169 265 -169 353 0
-168 256 -168 265 -168 353 0
-167 257 -167 265 -167 353 0
-166 258 -166 265 -166 353 0
-164 259 -164 266 -164 353 0
-169 254 -169 266 -169 353 0
-168 255 -168 266 -168 353 0
-167 256 -167 266 -167 353 0
-166 257 -166 266 -166 353 0
-165 258 -165 266 -165 353 0
-163 259 -163 267 -163 353 0
-169 253 -169 267 -169 353 0
-168 254 -168 267 -168 353 0
-167 255 -167 267 -167 353 0
-166 256 -166 267 -166 353 0
-165 257 -165 267 -165 353 0
-164 258 -164 267 -164 353 0
-162 259 -162 268 -162 353 0
-169 252 -169 268 -169 353 0
-168 253 -168 268 -168 353 0
-167 254 -167 268 -167 353 0
-166 255 -166 268 -166 353 0
-165 256 -165 268 -165 353 0
-164 257 -164 268 -164 353 0
-163 258 -163 268 -163 353 0
-168 251 -168 269 -168 354 0
-167 252 -167 269 -167 354 0
-166 253 -166 269 -166 354 0
-165 254 -165 269 -165 354 0
-164 255 -164 269 -164 354 0
-163 256 -163 269 -163 354 0
-162 257 -162 269 -162 354 0
-161 258 -161 269 -161 354 0
-168 259 -168 261 -168 354 0
-169 258 -169 261 -169 354 0
-167 259 -167 262 -167 354 0
-169 257 -169 262 -169 354 0
-168 258 -168 262 -168 354 0
-166 259 -166 263 -166 354 0
-169 256 -169 263 -169 354 0
-168 257 -168 263 -168 354 0
-167 258 -167 263 -167 354 0
-165 259 -165 264 -165 354 0
-169 255 -169 264 -169 354 0
-168 256 -168 264 -168 354 0
-167 257 -167 264 -167 354 0
-166 258 -166 264 -166 354 0
-164 259 -164 265 -164 354 0
-169 254 -169 265 -169 354 0
-168 255 -168 265 -168 354 0
-167 256 -167 265 -167 354 0
-166 257 -166 265 -166 354 0
-165 258 -165 265 -165 354 0
-163 259 -163 266 -163 354 0
-169 253 -169 266 -169 354 0
-168 254 -168 266 -168 354 0
-167 255 -167 266 -167 354 0
-166 256 -166 266 -166 354 0
-165 257 -165 266 -165 354 0
-164 258 -164 266 -164 354 0
-162 259 -162 267 -162 354 0
-169 252 -169 267 -169 354 0
-168 253 -168 267 -168 354 0
-167 254 -167 267 -167 354 0
-166 255 -166 267 -166 354 0
-165 256 -165 267 -165 354 0
-164 257 -164 267 -164 354 0
-163 258 -163 267 -163 354 0
-161 259 -161 268 -161 354 0
-169 251 -169 268 -169 354 0
-168 252 -168 268 -168 354 0
-167 253 -167 268 -167 354 0
-166 254 -166 268 -166 354 0
-165 255 -165 268 -165 354 0
-164 256 -164 268 -164 354 0
-163 257 -163 268 -163 354 0
-162 258 -162 268 -162 354 0
-167 251 -167 269 -167 355 0
-166 252 -166 269 -166 355 0
-165 253 -165 269 -165 355 0
-164 254 -164 269 -164 355 0
-163 255 -163 269 -163 355 0
-162 256 -162 269 -162 355 0
-161 257 -161 269 -161 355 0
-167 259 -167 261 -167 355 0
-169 257 -169 261 -169 355 0
-168 258 -168 261 -168 355 0
-166 259 -166 262 -166 355 0
-169 256 -169 262 -169 355 0
-168 257 -168 262 -168 355 0
-167 258 -167 262 -167 355 0
-165 259 -165 263 -165 355 0
-169 255 -169 263 -169 355 0
-168 256 -168 263 -168 355 0
-167 257 -167 263 -167 355 0
-166 258 -166 263 -166 355 0
-164 259 -164 264 -164 355 0
-169 254 -169 264 -169 355 0
-168 255 -168 264 -168 355 0
-167 256 -167 264 -167 355 0
-166 257 -166 264 -166 355 0
-165 258 -165 264 -165 355 0
-163 259 -163 265 -163 355 0
-169 253 -169 265 -169 355 0
-168 254 -168 265 -168 355 0
-167 255 -167 265 -167 355 0
-166 256 -166 265 -166 355 0
-165 257 -165 265 -165 355 0
-164 258 -164 265 -164 355 0
-162 259 -162 266 -162 355 0
-169 252 -169 266 -169 355 0
-168 253 -168 266 -168 355 0
-167 254 -167 266 -167 355 0
-166 255 -166 266 -166 355 0
-165 256 -165 266 -165 355 0
-164 257 -164 266 -164 355 0
-163 258 -163 266 -163 355 0
-161 259 -161 267 -161 355 0
-169 251 -169 267 -169 355 0
-168 252 -168 267 -168 355 0
-167 253 -167 267 -167 355 0
-166 254 -166 267 -166 355 0
-165 255 -165 267 -165 355 0
-164 256 -164 267 -164 355 0
-163 257 -163 267 -163 355 0
-162 258 -162 267 -162 355 0
-168 251 -168 268 -168 355 0
-167 252 -167 268 -167 355 0
-166 253 -166 268 -166 355 0
-165 254 -165 268 -165 355 0
-164 255 -164 268 -164 355 0
-163 256 -163 268 -163 355 0
-162 257 -162 268 -162 355 0
-161 258 -161 268 -161 355 0
-166 251 -166 269 -166 356 0
-165 252 -165 269 -165 356 0
-164 253 -164 269 -164 356 0
-163 254 -163 269 -163 356 0
-162 255 -162 269 -162 356 0
-161 256 -161 269 -161 356 0
-166 259 -166 261 -166 356 0
-169 256 -169 261 -169 356 0
-168 257 -168 261 -168 356 0
-167 258 -167 261 -167 356 0
-165 259 -165 262 -165 356 0
-169 255 -169 262 -169 356 0
-168 256 -168 262 -168 356 0
-167 257 -167 262 -167 356 0
-166 258 -166 262 -166 356 0
-164 259 -164 263 -164 356 0
-169 254 -169 263 -169 356 0
-168 255 -168 263 -168 356 0
-167 256 -167 263 -167 356 0
-166 257 -166 263 -166 356 0
-165 258 -165 263 -165 356 0
-163 259 -163 264 -163 356 0
-169 253 -169 264 -169 356 0
-168 254 -168 264 -168 356 0
-167 255 -167 264 -167 356 0
-166 256 -166 264 -166 356 0
-165 257 -165 264 -165 356 0
-164 258 -164 264 -164 356 0
-162 259 -162 265 -162 356 0
-169 252 -169 265 -169 356 0
-168 253 -168 265 -168 356 0
-167 254 -167 265 -167 356 0
-166 255 -166 265 -166 356 0
-165 256 -165 265 -165 356 0
-164 257 -164 265 -164 356 0
-163 258 -163 265 -163 356 0
-161 259 -161 266 -161 356 0
-169 251 -169 266 -169 356 0
-168 252 -168 266 -168 356 0
-167 253 -167 266 -167 356 0
-166 254 -166 266 -166 356 0
-165 255 -165 266 -165 356 0
-164 256 -164 266 -164 356 0
-163 257 -163 266 -163 356 0
-162 258 -162 266 -162 356 0
-168 251 -168 267 -168 356 0
-167 252 -167 267 -167 356 0
-166 253 -166 267 -166 356 0
-165 254 -165 267 -165 356 0
-164 255 -164 267 -164 356 0
-163 256 -163 267 -163 356 0
-162 257 -162 267 -162 356 0
-161 258 -161 267 -161 356 0
-167 251 -167 268 -167 356 0
-166 252 -166 268 -166 356 0
-165 253 -165 268 -165 356 0
-164 254 -164 268 -164 356 0
-163 255 -163 268 -163 356 0
-162 256 -162 268 -162 356 0
-161 257 -161 268 -161 356 0
-165 251 -165 269 -165 357 0
-164 252 -164 269 -164 357 0
-163 253 -163 269 -163 357 0
-162 254 -162 269 -162 357 0
-161 255 -161 269 -161 357 0
-165 259 -165 261 -165 357 0
-169 255 -169 261 -169 357 0
-168 256 -168 261 -168 357 0
-167 257 -167 261 -167 357 0
-166 258 -166 261 -166 357 0
-164 259 -164 262 -164 357 0
-169 254 -169 262 -169 357 0
-168 255 -168 262 -168 357 0
-167 256 -167 262 -167 357 0
-166 257 -166 262 -166 357 0
-165 258 -165 262 -165 357 0
-163 259 -163 263 -163 357 0
-169 253 -169 263 -169 357 0
-168 254 -168 263 -168 357 0
-167 255 -167 263 -167 357 0
-166 256 -166 263 -166 357 0
-165 257 -165 263 -165 357 0
-164 258 -164 263 -164 357 0
-162 259 -162 264 -162 357 0
-169 252 -169 264 -169 357 0
-168 253 -168 264 -168 357 0
-167 254 -167 264 -167 357 0
-166 255 -166 264 -166 357 0
-165 256 -165 264 -165 357 0
-164 257 -164 264 -164 357 0
-163 258 -163 264 -163 357 0
-161 259 -161 265 -161 357 0
-169 251 -169 265 -169 357 0
-168 252 -168 265 -168 357 0
-167 253 -167 265 -167 357 0
-166 254 -166 265 -166 357 0
-165 255 -165 265 -165 357 0
-164 256 -164 265 -164 357 0
-163 257 -163 265 -163 357 0
-162 258 -162 265 -162 357 0
-168 251 -168 266 -168 357 0
-167 252 -167 266 -167 357 0
-166 253 -166 266 -166 357 0
-165 254 -165 266 -165 357 0
-164 255 -164 266 -164 357 0
-163 256 -163 266 -163 357 0
-162 257 -162 266 -162 357 0
-161 258 -161 266 -161 357 0
-167 251 -167 267 -167 357 0
-166 252 -166 267 -166 357 0
-165 253 -165 267 -165 357 0
-164 254 -164 267 -164 357 0
-163 255 -163 267 -163 357 0
-162 256 -162 267 -162 357 0
-161 257 -161 267 -161 357 0
-166 251 -166 268 -166 357 0
-165 252 -165 268 -165 357 0
-164 253 -164 268 -164 357 0
-163 254 -163 268 -163 357 0
-162 255 -162 268 -162 357 0
-161 256 -161 268 -161 357 0
-164 251 -164 269 -164 358 0
-163 252 -163 269 -163 358 0
-162 253 -162 269 -162 358 0
-161 254 -161 269 -161 358 0
-164 259 -164 261 -164 358 0
-169 254 -169 261 -169 358 0
-168 255 -168 261 -168 358 0
-167 256 -167 261 -167 358 0
-166 257 -166 261 -166 358 0
-165 258 -165 261 -165 358 0
-163 259 -163 262 -163 358 0
-169 253 -169 262 -169 358 0
-168 254 -168 262 -168 358 0
-167 255 -167 262 -167 358 0
-166 256 -166 262 -166 358 0
-165 257 -165 262 -165 358 0
-164 258 -164 262 -164 358 0
-162 259 -162 263 -162 358 0
-169 252 -169 263 -169 358 0
-168 253 -168 263 -168 358 0
-167 254 -167 263 -167 358 0
-166 255 -166 263 -166 358 0
-165 256 -165 263 -165 358 0
-164 257 -164 263 -164 358 0
-163 258 -163 263 -163 358 0
-161 259 -161 264 -161 358 0
-169 251 -169 264 -169 358 0
-168 252 -168 264 -168 358 0
-167 253 -167 264 -167 358 0
-166 254 -166 264 -166 358 0
-165 255 -165 264 -165 358 0
-164 256 -164 264 -164 358 0
-163 257 -163 264 -163 358 0
-162 258 -162 264 -162 358 0
-168 251 -168 265 -168 358 0
-167 252 -167 265 -167 358 0
-166 253 -166 265 -166 358 0
-165 254 -165 265 -165 358 0
-164 255 -164 265 -164 358 0
-163 256 -163 265 -163 358 0
-162 257 -162 265 -162 358 0
-161 258 -161 265 -161 358 0
-167 251 -167 266 -167 358 0
-166 252 -166 266 -166 358 0
-165 253 -165 266 -165 358 0
-164 254 -164 266 -164 358 0
-163 255 -163 266 -163 358 0
-162 256 -162 266 -162 358 0
-161 257 -161 266 -161 358 0
-166 251 -166 267 -166 358 0
-165 252 -165 267 -165 358 0
-164 253 -164 267 -164 358 0
-163 254 -163 267 -163 358 0
-162 255 -162 267 -162 358 0
-161 256 -161 267 -161 358 0
-165 251 -165 268 -165 358 0
-164 252 -164 268 -164 358 0
-163 253 -163 268 -163 358 0
-162 254 -162 268 -162 358 0
-161 255 -161 268 -161 358 0
4
-173 271 0
-172 272 0
-171 273 0
16
-187 289 0
-189 287 0
-188 288 0
15
-194 291 -194 391 -194 499 0
-193 292 -193 391 -193 499 0
-192 293 -192 391 -192 499 0
-191 294 -191 391 -191 499 0
-193 291 -193 392 -193 499 0
-192 292 -192 392 -192 499 0
-191 293 -191 392 -191 499 0
-192 291 -192 393 -192 499 0
-191 292 -191 393 -191 499 0
-191 291 -191 394 -191 499 0
-194 291 -194 399 -194 491 0
-193 292 -193 399 -193 491 0
-192 293 -192 399 -192 491 0
-191 294 -191 399 -191 491 0
-194 299 -194 391 -194 491 0
-199 294 -199 391 -199 491 0
-198 295 -198 391 -198 491 0
-197 296 -197 391 -197 491 0
-196 297 -196 391 -196 491 0
-195 298 -195 391 -195 491 0
-193 299 -193 392 -193 491 0
-199 293 -199 392 -199 491 0
-198 294 -198 392 -198 491 0
-197 295 -197 392 -197 491 0
-196 296 -196 392 -196 491 0
-195 297 -195 392 -195 491 0
-194 298 -194 392 -194 491 0
-192 299 -192 393 -192 491 0
-199 292 -199 393 -199 491 0
-198 293 -198 393 -198 491 0
-197 294 -197 393 -197 491 0
-196 295 -196 393 -196 491 0
-195 296 -195 393 -195 491 0
-194 297 -194 393 -194 491 0
-193 298 -193 393 -193 491 0
-191 299 -191 394 -191 491 0
-199 291 -199 394 -199 491 0
-198 292 -198 394 -198 491 0
-197 293 -197 394 -197 491 0
-196 294 -196 394 -196 491 0
-195 295 -195 394 -195 491 0
-194 296 -194 394 -194 491 0
-193 297 -193 394 -193 491 0
-192 298 -192 394 -192 491 0
-198 291 -198 395 -198 491 0
-197 292 -197 395 -197 491 0
-196 293 -196 395 -196 491 0
-195 294 -195 395 -195 491 0
-194 295 -194 395 -194 491 0
-193 296 -193 395 -193 491 0
-192 297 -192 395 -192 491 0
-191 298 -191 395 -191 491 0
-197 291 -197 396 -197 491 0
-196 292 -196 396 -196 491 0
-195 293 -195 396 -195 491 0
-194 294 -194 396 -194 491 0
-193 295 -193 396 -193 491 0
-192 296 -192 396 -192 491 0
-191 297 -191 396 -191 491 0
-196 291 -196 397 -196 491 0
-195 292 -195 397 -195 491 0
-194 293 -194 397 -194 491 0
-193 294 -193 397 -193 491 0
-192 295 -192 397 -192 491 0
-191 296 -191 397 -191 491 0
-195 291 -195 398 -195 491 0
-194 292 -194 398 -194 491 0
-193 293 -193 398 -193 491 0
-192 294 -192 398 -192 491 0
-191 295 -191 398 -191 491 0
-193 291 -193 399 -193 492 0
-192 292 -192 399 -192 492 0
-191 293 -191 399 -191 492 0
-193 299 -193 391 -193 492 0
-199 293 -199 391 -199 492 0
-198 294 -198 391 -198 492 0
-197 295 -197 391 -197 492 0
-196 296 -196 391 -196 492 0
-195 297 -195 391 -195 492 0
-194 298 -194 391 -194 492 0
-192 299 -192 392 -192 492 0
-199 292 -199 392 -199 492 0
-198 293 -198 392 -198 492 0
-197 294 -197 392 -197 492 0
-196 295 -196 392 -196 492 0
-195 296 -195 392 -195 492 0
-194 297 -194 392 -194 492 0
-193 298 -193 392 -193 492 0
-191 299 -191 393 -191 492 0
-199 291 -199 393 -199 492 0
-198 292 -198 393 -198 492 0
-197 293 -197 393 -197 492 0
-196 294 -196 393 -196 492 0
-195 295 -195 393 -195 492 0
-194 296 -194 393 -194 492 0
-193 297 -193 393 -193 492 0
-192 298 -192 393 -192 492 0
-198 291 -198 394 -198 492 0
-197 292 -197 394 -197 492 0
-196 293 -196 394 -196 492 0
-195 294 -195 394 -195 492 0
-194 295 -194 394 -194 492 0
-193 296 -193 394 -193 492 0
-192 297 -192 394 -192 492 0
-191 298 -191 394 -191 492 0
-197 291 -197 395 -197 492 0
-196 292 -196 395 -196 492 0
-195 293 -195 395 -195 492 0
-194 294 -194 395 -194 492 0
-193 295 -193 395 -193 492 0
-192 296 -192 395 -192 492 0
-191 297 -191 395 -191 492 0
-196 291 -196 396 -196 492 0
-195 292 -195 396 -195 492 0
-194 293 -194 396 -194 492 0
-193 294 -193 396 -193 492 0
-192 295 -192 396 -192 492 0
-191 296 -191 396 -191 492 0
-195 291 -195 397 -195 492 0
-194 292 -194 397 -194 492 0
-193 293 -193 397 -193 492 0
-192 294 -192 397 -192 492 0
-191 295 -191 397 -191 492 0
-194 291 -194 398 -194 492 0
-193 292 -193 398 -193 492 0
-192 293 -192 398 -192 492 0
-191 294 -191 398 -191 492 0
-192 291 -192 399 -192 493 0
-191 292 -191 399 -191 493 0
-192 299 -192 391 -192 493 0
-199 292 -199 391 -199 493 0
-198 293 -198 391 -198 493 0
-197 294 -197 391 -197 493 0
-196 295 -196 391 -196 493 0
-195 296 -195 391 -195 493 0
-194 297 -194 391 -194 493 0
-193 298 -193 391 -193 493 0
-191 299 -191 392 -191 493 0
-199 291 -199 392 -199 493 0
-198 292 -198 392 -198 493 0
-197 293 -197 392 -197 493 0
-196 294 -196 392 -196 493 0
-195 295 -195 392 -195 493 0
-194 296 -194 392 -194 493 0
-193 297 -193 392 -193 493 0
-192 298 -192 392 -192 493 0
-198 291 -198 393 -198 493 0
-197 292 -197 393 -197 493 0
-196 293 -196 393 -196 493 0
-195 294 -195 393 -195 493 0
-194 295 -194 393 -194 493 0
-193 296 -193 393 -193 493 0
-192 297 -192 393 -192 493 0
-191 298 -191 393 -191 493 0
-197 291 -197 394 -197 493 0
-196 292 -196 394 -196 493 0
-195 293 -195 394 -195 493 0
-194 294 -194 394 -194 493 0
-193 295 -193 394 -193 493 0
-192 296 -192 394 -192 493 0
-191 297 -191 394 -191 493 0
-196 291 -196 395 -196 493 0
-195 292 -195 395 -195 493 0
-194 293 -194 395 -194 493 0
-193 294 -193 395 -193 493 0
-192 295 -192 395 -192 493 0
-191 296 -191 395 -191 493 0
-195 291 -195 396 -195 493 0
-194 292 -194 396 -194 493 0
-193 293 -193 396 -193 493 0
-192 294 -192 396 -192 493 0
-191 295 -191 396 -191 493 0
-194 291 -194 397 -194 493 0
-193 292 -193 397 -193 493 0
-192 293 -192 397 -192 493 0
-191 294 -191 397 -191 493 0
-193 291 -193 398 -193 493 0
-192 292 -192 398 -192 493 0
-191 293 -191 398 -191 493 0
-191 291 -191 399 -191 494 0
-191 299 -191 391 -191 494 0
-199 291 -199 391 -199 494 0
-198 292 -198 391 -198 494 0
-197 293 -197 391 -197 494 0
-196 294 -196 391 -196 494 0
-195 295 -195 391 -195 494 0
-194 296 -194 391 -194 494 0
-193 297 -193 391 -193 494 0
-192 298 -192 391 -192 494 0
-198 291 -198 392 -198 494 0
-197 292 -197 392 -197 494 0
-196 293 -196 392 -196 494 0
-195 294 -195 392 -195 494 0
-194 295 -194 392 -194 494 0
-193 296 -193 392 -193 494 0
-192 297 -192 392 -192 494 0
-191 298 -191 392 -191 494 0
-197 291 -197 393 -197 494 0
-196 292 -196 393 -196 494 0
-195 293 -195 393 -195 494 0
-194 294 -194 393 -194 494 0
-193 295 -193 393 -193 494 0
-192 296 -192 393 -192 494 0
-191 297 -191 393 -191 494 0
-196 291 -196 394 -196 494 0
-195 292 -195 394 -195 494 0
-194 293 -194 394 -194 494 0
-193 294 -193 394 -193 494 0
-192 295 -192 394 -192 494 0
-191 296 -191 394 -191 494 0
-195 291 -195 395 -195 494 0
-194 292 -194 395 -194 494 0
-193 293 -193 395 -193 494 0
-192 294 -192 395 -192 494 0
-191 295 -191 395 -191 494 0
-194 291 -194 396 -194 494 0
-193 292 -193 396 -193 494 0
-192 293 -192 396 -192 494 0
-191 294 -191 396 -191 494 0
-193 291 -193 397 -193 494 0
-192 292 -192 397 -192 494 0
-191 293 -191 397 -191 494 0
-192 291 -192 398 -192 494 0
-191 292 -191 398 -191 494 0
-198 291 -198 391 -198 495 0
-197 292 -197 391 -197 495 0
-196 293 -196 391 -196 495 0
-195 294 -195 391 -195 495 0
-194 295 -194 391 -194 495 0
-193 296 -193 391 -193 495 0
-192 297 -192 391 -192 495 0
-191 298 -191 391 -191 495 0
-197 291 -197 392 -197 495 0
-196 292 -196 392 -196 495 0
-195 293 -195 392 -195 495 0
-194 294 -194 392 -194 495 0
-193 295 -193 392 -193 495 0
-192 296 -192 392 -192 495 0
-191 297 -191 392 -191 495 0
-196 291 -196 393 -196 495 0
-195 292 -195 393 -195 495 0
-194 293 -194 393 -194 495 0
-193 294 -193 393 -193 495 0
-192 295 -192 393 -192 495 0
-191 296 -191 393 -191 495 0
-195 291 -195 394 -195 495 0
-194 292 -194 394 -194 495 0
-193 293 -193 394 -193 495 0
-192 294 -192 394 -192 495 0
-191 295 -191 394 -191 495 0
-194 291 -194 395 -194 495 0
-193 292 -193 395 -193 495 0
-192 293 -192 395 -192 495 0
-191 294 -191 395 -191 495 0
-193 291 -193 396 -193 495 0
-192 292 -192 396 -192 495 0
-191 293 -191 396 -191 495 0
-192 291 -192 397 -192 495 0
-191 292 -191 397 -191 495 0
-191 291 -191 398 -191 495 0
-197 291 -197 391 -197 496 0
-196 292 -196 391 -196 496 0
-195 293 -195 391 -195 496 0
-194 294 -194 391 -194 496 0
-193 295 -193 391 -193 496 0
-192 296 -192 391 -192 496 0
-191 297 -191 391 -191 496 0
-196 291 -196 392 -196 496 0
-195 292 -195 392 -195 496 0
-194 293 -194 392 -194 496 0
-193 294 -193 392 -193 496 0
-192 295 -192 392 -192 496 0
-191 296 -191 392 -191 496 0
-195 291 -195 393 -195 496 0
-194 292 -194 393 -194 496 0
-193 293 -193 393 -193 496 0
-192 294 -192 393 -192 496 0
-191 295 -191 393 -191 496 0
-194 291 -194 394 -194 496 0
-193 292 -193 394 -193 496 0
-192 293 -192 394 -192 496 0
-191 294 -191 394 -191 496 0
-193 291 -193 395 -193 496 0
-192 292 -192 395 -192 496 0
-191 293 -191 395 -191 496 0
-192 291 -192 396 -192 496 0
-191 292 -191 396 -191 496 0
-191 291 -191 397 -191 496 0
-196 291 -196 391 -196 497 0
-195 292 -195 391 -195 497 0
-194 293 -194 391 -194 497 0
-193 294 -193 391 -193 497 0
-192 295 -192 391 -192 497 0
-191 296 -191 391 -191 497 0
-195 291 -195 392 -195 497 0
-194 292 -194 392 -194 497 0
-193 293 -193 392 -193 497 0
-192 294 -192 392 -192 497 0
-191 295 -191 392 -191 497 0
-194 291 -194 393 -194 497 0
-193 292 -193 393 -193 497 0
-192 293 -192 393 -192 497 0
-191 294 -191 393 -191 497 0
-193 291 -193 394 -193 497 0
-192 292 -192 394 -192 497 0
-191 293 -191 394 -191 497 0
-192 291 -192 395 -192 497 0
-191 292 -191 395 -191 497 0
-191 291 -191 396 -191 497 0
-195 291 -195 391 -195 498 0
-194 292 -194 391 -194 498 0
-193 293 -193 391 -193 498 0
-192 294 -192 391 -192 498 0
-191 295 -191 391 -191 498 0
-194 291 -194 392 -194 498 0
-193 292 -193 392 -193 498 0
-192 293 -192 392 -192 498 0
-191 294 -191 392 -191 498 0
-193 291 -193 393 -193 498 0
-192 292 -192 393 -192 498 0
-191 293 -191 393 -191 498 0
-192 291 -192 394 -192 498 0
-191 292 -191 394 -191 498 0
-191 291 -191 395 -191 498 0
25
-216 221 -216 319 -216 329 0
-215 222 -215 319 -215 329 0
-214 223 -214 319 -214 329 0
-213 224 -213 319 -213 329 0
-212 225 -212 319 -212 329 0
-211 226 -211 319 -211 329 0
-216 229 -216 311 -216 329 0
-219 226 -219 311 -219 329 0
-218 227 -218 311 -218 329 0
-217 228 -217 311 -217 329 0
-215 229 -215 312 -215 329 0
-219 225 -219 312 -219 329 0
-218 226 -218 312 -218 329 0
-217 227 -217 312 -217 329 0
-216 228 -216 312 -216 329 0
-214 229 -214 313 -214 329 0
-219 224 -219 313 -219 329 0
-218 225 -218 313 -218 329 0
-217 226 -217 313 -217 329 0
-216 227 -216 313 -216 329 0
-215 228 -215 313 -215 329 0
-213 229 -213 314 -213 329 0
-219 223 -219 314 -219 329 0
-218 224 -218 314 -218 329 0
-217 225 -217 314 -217 329 0
-216 226 -216 314 -216 329 0
-215 227 -215 314 -215 329 0
-214 228 -214 314 -214 329 0
-212 229 -212 315 -212 329 0
-219 222 -219 315 -219 329 0
-218 223 -218 315 -218 329 0
-217 224 -217 315 -217 329 0
-216 225 -216 315 -216 329 0
-215 226 -215 315 -215 329 0
-214 227 -214 315 -214 329 0
-213 228 -213 315 -213 329 0
-211 229 -211 316 -211 329 0
-219 221 -219 316 -219 329 0
-218 222 -218 316 -218 329 0
-217 223 -217 316 -217 329 0
-216 224 -216 316 -216 329 0
-215 225 -215 316 -215 329 0
-214 226 -214 316 -214 329 0
-213 227 -213 316 -213 329 0
-212 228 -212 316 -212 329 0
-218 221 -218 317 -218 329 0
-217 222 -217 317 -217 329 0
-216 223 -216 317 -216 329 0
-215 224 -215 317 -215 329 0
-214 225 -214 317 -214 329 0
-213 226 -213 317 -213 329 0
-212 227 -212 317 -212 329 0
-211 228 -211 317 -211 329 0
-217 221 -217 318 -217 329 0
-216 222 -216 318 -216 329 0
-215 223 -215 318 -215 329 0
-214 224 -214 318 -214 329 0
-213 225 -213 318 -213 329 0
-212 226 -212 318 -212 329 0
-211 227 -211 318 -211 329 0
-216 229 -216 319 -216 321 0
-219 226 -219 319 -219 321 0
-218 227 -218 319 -218 321 0
-217 228 -217 319 -217 321 0
-219 229 -219 316 -219 321 0
-218 229 -218 317 -218 321 0
-219 228 -219 317 -219 321 0
-217 229 -217 318 -217 321 0
-219 227 -219 318 -219 321 0
-218 228 -218 318 -218 321 0
-215 229 -215 319 -215 322 0
-219 225 -219 319 -219 322 0
-218 226 -218 319 -218 322 0
-217 227 -217 319 -217 322 0
-216 228 -216 319 -216 322 0
-219 229 -219 315 -219 322 0
-218 229 -218 316 -218 322 0
-219 228 -219 316 -219 322 0
-217 229 -217 317 -217 322 0
-219 227 -219 317 -219 322 0
-218 228 -218 317 -218 322 0
-216 229 -216 318 -216 322 0
-219 226 -219 318 -219 322 0
-218 227 -218 318 -218 322 0
-217 228 -217 318 -217 322 0
-214 229 -214 319 -214 323 0
-219 224 -219 319 -219 323 0
-218 225 -218 319 -218 323 0
-217 226 -217 319 -217 323 0
-216 227 -216 319 -216 323 0
-215 228 -215 319 -215 323 0
-219 229 -219 314 -219 323 0
-218 229 -218 315 -218 323 0
-219 228 -219 315 -219 323 0
-217 229 -217 316 -217 323 0
-219 227 -219 316 -219 323 0
-218 228 -218 316 -218 323 0
-216 229 -216 317 -216 323 0
-219 226 -219 317 -219 323 0
-218 227 -218 317 -218 323 0
-217 228 -217 317 -217 323 0
-215 229 -215 318 -215 323 0
-219 225 -219 318 -219 323 0
-218 226 -218 318 -218 323 0
-217 227 -217 318 -217 323 0
-216 228 -216 318 -216 323 0
-213 229 -213 319 -213 324 0
-219 223 -219 319 -219 324 0
-218 224 -218 319 -218 324 0
-217 225 -217 319 -217 324 0
-216 226 -216 319 -216 324 0
-215 227 -215 319 -215 324 0
-214 228 -214 319 -214 324 0
-219 229 -219 313 -219 324 0
-218 229 -218 314 -218 324 0
-219 228 -219 314 -219 324 0
-217 229 -217 315 -217 324 0
-219 227 -219 315 -219 324 0
-218 228 -218 315 -218 324 0
-216 229 -216 316 -216 324 0
-219 226 -219 316 -219 324 0
-218 227 -218 316 -218 324 0
-217 228 -217 316 -217 324 0
-215 229 -215 317 -215 324 0
-219 225 -219 317 -219 324 0
-218 226 -218 317 -218 324 0
-217 227 -217 317 -217 324 0
-216 228 -216 317 -216 324 0
-214 229 -214 318 -214 324 0
-219 224 -219 318 -219 324 0
-218 225 -218 318 -218 324 0
-217 226 -217 318 -217 324 0
-216 227 -216 318 -216 324 0
-215 228 -215 318 -215 324 0
-212 229 -212 319 -212 325 0
-219 222 -219 319 -219 325 0
-218 223 -218 319 -218 325 0
-217 224 -217 319 -217 325 0
-216 225 -216 319 -216 325 0
-215 226 -215 319 -215 325 0
-214 227 -214 319 -214 325 0
-213 228 -213 319 -213 325 0
-219 229 -219 312 -219 325 0
-218 229 -218 313 -218 325 0
-219 228 -219 313 -219 325 0
-217 229 -217 314 -217 325 0
-219 227 -219 314 -219 325 0
-218 228 -218 314 -218 325 0
-216 229 -216 315 -216 325 0
-219 226 -219 315 -219 325 0
-218 227 -218 315 -218 325 0
-217 228 -217 315 -217 325 0
-215 229 -215 316 -215 325 0
-219 225 -219 316 -219 325 0
-218 226 -218 316 -218 325 0
-217 227 -217 316 -217 325 0
-216 228 -216 316 -216 325 0
-214 229 -214 317 -214 325 0
-219 224 -219 317 -219 325 0
-218 225 -218 317 -218 325 0
-217 226 -217 317 -217 325 0
-216 227 -216 317 -216 325 0
-215 228 -215 317 -215 325 0
-213 229 -213 318 -213 325 0
-219 223 -219 318 -219 325 0
-218 224 -218 318 -218 325 0
-217 225 -217 318 -217 325 0
-216 226 -216 318 -216 325 0
-215 227 -215 318 -215 325 0
-214 228 -214 318 -214 325 0
-211 229 -211 319 -211 326 0
-219 221 -219 319 -219 326 0
-218 222 -218 319 -218 326 0
-217 223 -217 319 -217 326 0
-216 224 -216 319 -216 326 0
-215 225 -215 319 -215 326 0
-214 226 -214 319 -214 326 0
-213 227 -213 319 -213 326 0
-212 228 -212 319 -212 326 0
-219 229 -219 311 -219 326 0
-218 229 -218 312 -218 326 0
-219 228 -219 312 -219 326 0
-217 229 -217 313 -217 326 0
-219 227 -219 313 -219 326 0
-218 228 -218 313 -218 326 0
-216 229 -216 314 -216 326 0
-219 226 -219 314 -219 326 0
-218 227 -218 314 -218 326 0
-217 228 -217 314 -217 326 0
-215 229 -215 315 -215 326 0
-219 225 -219 315 -219 326 0
-218 226 -218 315 -218 326 0
-217 227 -217 315 -217 326 0
-216 228 -216 315 -216 326 0
-214 229 -214 316 -214 326 0
-219 224 -219 316 -219 326 0
-218 225 -218 316 -218 326 0
-217 226 -217 316 -217 326 0
-216 227 -216 316 -216 326 0
-215 228 -215 316 -215 326 0
-213 229 -213 317 -213 326 0
-219 223 -219 317 -219 326 0
-218 224 -218 317 -218 326 0
-217 225 -217 317 -217 326 0
-216 226 -216 317 -216 326 0
-215 227 -215 317 -215 326 0
-214 228 -214 317 -214 326 0
-212 229 -212 318 -212 326 0
-219 222 -219 318 -219 326 0
-218 223 -218 318 -218 326 0
-217 224 -217 318 -217 326 0
-216 225 -216 318 -216 326 0
-215 226 -215 318 -215 326 0
-214 227 -214 318 -214 326 0
-213 228 -213 318 -213 326 0
-218 221 -218 319 -218 327 0
-217 222 -217 319 -217 327 0
-216 223 -216 319 -216 327 0
-215 224 -215 319 -215 327 0
-214 225 -214 319 -214 327 0
-213 226 -213 319 -213 327 0
-212 227 -212 319 -212 327 0
-211 228 -211 319 -211 327 0
-218 229 -218 311 -218 327 0
-219 228 -219 311 -219 327 0
-217 229 -217 312 -217 327 0
-219 227 -219 312 -219 327 0
-218 228 -218 312 -218 327 0
-216 229 -216 313 -216 327 0
-219 226 -219 313 -219 327 0
-218 227 -218 313 -218 327 0
-217 228 -217 313 -217 327 0
-215 229 -215 314 -215 327 0
-219 225 -219 314 -219 327 0
-218 226 -218 314 -218 327 0
-217 227 -217 314 -217 327 0
-216 228 -216 314 -216 327 0
-214 229 -214 315 -214 327 0
-219 224 -219 315 -219 327 0
-218 225 -218 315 -218 327 0
-217 226 -217 315 -217 327 0
-216 227 -216 315 -216 327 0
-215 228 -215 315 -215 327 0
-213 229 -213 316 -213 327 0
-219 223 -219 316 -219 327 0
-218 224 -218 316 -218 327 0
-217 225 -217 316 -217 327 0
-216 226 -216 316 -216 327 0
-215 227 -215 316 -215 327 0
-214 228 -214 316 -214 327 0
-212 229 -212 317 -212 327 0
-219 222 -219 317 -219 327 0
-218 223 -218 317 -218 327 0
-217 224 -217 317 -217 327 0
-216 225 -216 317 -216 327 0
-215 226 -215 317 -215 327 0
-214 227 -214 317 -214 327 0
-213 228 -213 317 -213 327 0
-211 229 -211 318 -211 327 0
-219 221 -219 318 -219 327 0
-218 222 -218 318 -218 327 0
-217 223 -217 318 -217 327 0
-216 224 -216 318 -216 327 0
-215 225 -215 318 -215 327 0
-214 226 -214 318 -214 327 0
-213 227 -213 318 -213 327 0
-212 228 -212 318 -212 327 0
-217 221 -217 319 -217 328 0
-216 222 -216 319 -216 328 0
-215 223 -215 319 -215 328 0
-214 224 -214 319 -214 328 0
-213 225 -213 319 -213 328 0
-212 226 -212 319 -212 328 0
-211 227 -211 319 -211 328 0
-217 229 -217 311 -217 328 0
-219 227 -219 311 -219 328 0
-218 228 -218 311 -218 328 0
-216 229 -216 312 -216 328 0
-219 226 -219 312 -219 328 0
-218 227 -218 312 -218 328 0
-217 228 -217 312 -217 328 0
-215 229 -215 313 -215 328 0
-219 225 -219 313 -219 328 0
-218 226 -218 313 -218 328 0
-217 227 -217 313 -217 328 0
-216 228 -216 313 -216 328 0
-214 229 -214 314 -214 328 0
-219 224 -219 314 -219 328 0
-218 225 -218 314 -218 328 0
-217 226 -217 314 -217 328 0
-216 227 -216 314 -216 328 0
-215 228 -215 314 -215 328 0
-213 229 -213 315 -213 328 0
-219 223 -219 315 -219 328 0
-218 224 -218 315 -218 328 0
-217 225 -217 315 -217 328 0
-216 226 -216 315 -216 328 0
-215 227 -215 315 -215 328 0
-214 228 -214 315 -214 328 0
-212 229 -212 316 -212 328 0
-219 222 -219 316 -219 328 0
-218 223 -218 316 -218 328 0
-217 224 -217 316 -217 328 0
-216 225 -216 316 -216 328 0
-215 226 -215 316 -215 328 0
-214 227 -214 316 -214 328 0
-213 228 -213 316 -213 328 0
-211 229 -211 317 -211 328 0
-219 221 -219 317 -219 328 0
-218 222 -218 317 -218 328 0
-217 223 -217 317 -217 328 0
-216 224 -216 317 -216 328 0
-215 225 -215 317 -215 328 0
-214 226 -214 317 -214 328 0
-213 227 -213 317 -213 328 0
-212 228 -212 317 -212 328 0
-218 221 -218 318 -218 328 0
-217 222 -217 318 -217 328 0
-216 223 -216 318 -216 328 0
-215 224 -215 318 -215 328 0
-214 225 -214 318 -214 328 0
-213 226 -213 318 -213 328 0
-212 227 -212 318 -212 328 0
-211 228 -211 318 -211 328 0
17
-238 249 0
-239 248 0
9
-337 341 -337 441 0
-336 342 -336 441 0
-335 343 -335 441 0
-334 344 -334 441 0
-333 345 -333 441 0
-332 346 -332 441 0
-331 347 -331 441 0
-336 341 -336 442 0
-335 342 -335 442 0
-334 343 -334 442 0
-333 344 -333 442 0
-332 345 -332 442 0
-331 346 -331 442 0
-335 341 -335 443 0
-334 342 -334 443 0
-333 343 -333 443 0
-332 344 -332 443 0
-331 345 -331 443 0
-334 341 -334 444 0
-333 342 -333 444 0
-332 343 -332 444 0
-331 344 -331 444 0
-333 341 -333 445 0
-332 342 -332 445 0
-331 343 -331 445 0
-332 341 -332 446 0
-331 342 -331 446 0
-331 341 -331 447 0
8
-366 461 -366 561 0
-365 462 -365 561 0
-364 463 -364 561 0
-363 464 -363 561 0
-362 465 -362 561 0
-361 466 -361 561 0
-365 461 -365 562 0
-364 462 -364 562 0
-363 463 -363 562 0
-362 464 -362 562 0
-361 465 -361 562 0
-364 461 -364 563 0
-363 462 -363 563 0
-362 463 -362 563 0
-361 464 -361 563 0
-363 461 -363 564 0
-362 462 -362 564 0
-361 463 -361 564 0
-362 461 -362 565 0
-361 462 -361 565 0
-361 461 -361 566 0
20
-372 389 -372 479 0
-379 382 -379 479 0
-378 383 -378 479 0
-377 384 -377 479 0
-376 385 -376 479 0
-375 386 -375 479 0
-374 387 -374 479 0
-373 388 -373 479 0
-379 389 -379 472 0
-378 389 -378 473 0
-379 388 -379 473 0
-377 389 -377 474 0
-379 387 -379 474 0
-378 388 -378 474 0
-376 389 -376 475 0
-379 386 -379 475 0
-378 387 -378 475 0
-377 388 -377 475 0
-375 389 -375 476 0
-379 385 -379 476 0
-378 386 -378 476 0
-377 387 -377 476 0
-376 388 -376 476 0
-374 389 -374 477 0
-379 384 -379 477 0
-378 385 -378 477 0
-377 386 -377 477 0
-376 387 -376 477 0
-375 388 -375 477 0
-373 389 -373 478 0
-379 383 -379 478 0
-378 384 -378 478 0
-377 385 -377 478 0
-376 386 -376 478 0
-375 387 -375 478 0
-374 388 -374 478 0
6
-415 511 0
-414 512 0
-413 513 0
-412 514 0
-411 515 0
14
-425 439 0
-429 435 0
-428 436 0
-427 437 0
-426 438 0
17
-457 551 -457 659 0
-456 552 -456 659 0
-455 553 -455 659 0
-454 554 -454 659 0
-453 555 -453 659 0
-452 556 -452 659 0
-451 557 -451 659 0
-457 559 -457 651 0
-459 557 -459 651 0
-458 558 -458 651 0
-456 559 -456 652 0
-459 556 -459 652 0
-458 557 -458 652 0
-457 558 -457 652 0
-455 559 -455 653 0
-459 555 -459 653 0
-458 556 -458 653 0
-457 557 -457 653 0
-456 558 -456 653 0
-454 559 -454 654 0
-459 554 -459 654 0
-458 555 -458 654 0
-457 556 -457 654 0
-456 557 -456 654 0
-455 558 -455 654 0
-453 559 -453 655 0
-459 553 -459 655 0
-458 554 -458 655 0
-457 555 -457 655 0
-456 556 -456 655 0
-455 557 -455 655 0
-454 558 -454 655 0
-452 559 -452 656 0
-459 552 -459 656 0
-458 553 -458 656 0
-457 554 -457 656 0
-456 555 -456 656 0
-455 556 -455 656 0
-454 557 -454 656 0
-453 558 -453 656 0
-451 559 -451 657 0
-459 551 -459 657 0
-458 552 -458 657 0
-457 553 -457 657 0
-456 554 -456 657 0
-455 555 -455 657 0
-454 556 -454 657 0
-453 557 -453 657 0
-452 558 -452 657 0
-458 551 -458 658 0
-457 552 -457 658 0
-456 553 -456 658 0
-455 554 -455 658 0
-454 555 -454 658 0
-453 556 -453 658 0
-452 557 -452 658 0
-451 558 -451 658 0
17
-487 571 -487 589 0
-486 572 -486 589 0
-485 573 -485 589 0
-484 574 -484 589 0
-483 575 -483 589 0
-482 576 -482 589 0
-481 577 -481 589 0
-487 579 -487 581 0
-489 577 -489 581 0
-488 578 -488 581 0
-486 579 -486 582 0
-489 576 -489 582 0
-488 577 -488 582 0
-487 578 -487 582 0
-485 579 -485 583 0
-489 575 -489 583 0
-488 576 -488 583 0
-487 577 -487 583 0
-486 578 -486 583 0
-484 579 -484 584 0
-489 574 -489 584 0
-488 575 -488 584 0
-487 576 -487 584 0
-486 577 -486 584 0
-485 578 -485 584 0
-483 579 -483 585 0
-489 573 -489 585 0
-488 574 -488 585 0
-487 575 -487 585 0
-486 576 -486 585 0
-485 577 -485 585 0
-484 578 -484 585 0
-482 579 -482 586 0
-489 572 -489 586 0
-488 573 -488 586 0
-487 574 -487 586 0
-486 575 -486 586 0
-485 576 -485 586 0
-484 577 -484 586 0
-483 578 -483 586 0
-481 579 -481 587 0
-489 571 -489 587 0
-488 572 -488 587 0
-487 573 -487 587 0
-486 574 -486 587 0
-485 575 -485 587 0
-484 576 -484 587 0
-483 577 -483 587 0
-482 578 -482 587 0
-488 571 -488 588 0
-487 572 -487 588 0
-486 573 -486 588 0
-485 574 -485 588 0
-484 575 -484 588 0
-483 576 -483 588 0
-482 577 -482 588 0
-481 578 -481 588 0
13
-523 531 -523 629 0
-522 532 -522 629 0
-521 533 -521 629 0
-523 539 -523 621 0
-529 533 -529 621 0
-528 534 -528 621 0
-527 535 -527 621 0
-526 536 -526 621 0
-525 537 -525 621 0
-524 538 -524 621 0
-522 539 -522 622 0
-529 532 -529 622 0
-528 533 -528 622 0
-527 534 -527 622 0
-526 535 -526 622 0
-525 536 -525 622 0
-524 537 -524 622 0
-523 538 -523 622 0
-521 539 -521 623 0
-529 531 -529 623 0
-528 532 -528 623 0
-527 533 -527 623 0
-526 534 -526 623 0
-525 535 -525 623 0
-524 536 -524 623 0
-523 537 -523 623 0
-522 538 -522 623 0
-528 531 -528 624 0
-527 532 -527 624 0
-526 533 -526 624 0
-525 534 -525 624 0
-524 535 -524 624 0
-523 536 -523 624 0
-522 537 -522 624 0
-521 538 -521 624 0
-527 531 -527 625 0
-526 532 -526 625 0
-525 533 -525 625 0
-524 534 -524 625 0
-523 535 -523 625 0
-522 536 -522 625 0
-521 537 -521 625 0
-526 531 -526 626 0
-525 532 -525 626 0
-524 533 -524 626 0
-523 534 -523 626 0
-522 535 -522 626 0
-521 536 -521 626 0
-525 531 -525 627 0
-524 532 -524 627 0
-523 533 -523 627 0
-522 534 -522 627 0
-521 535 -521 627 0
-524 531 -524 628 0
-523 532 -523 628 0
-522 533 -522 628 0
-521 534 -521 628 0
20
-542 649 -542 749 0
-549 642 -549 749 0
-548 643 -548 749 0
-547 644 -547 749 0
-546 645 -546 749 0
-545 646 -545 749 0
-544 647 -544 749 0
-543 648 -543 749 0
-549 649 -549 742 0
-548 649 -548 743 0
-549 648 -549 743 0
-547 649 -547 744 0
-549 647 -549 744 0
-548 648 -548 744 0
-546 649 -546 745 0
-549 646 -549 745 0
-548 647 -548 745 0
-547 648 -547 745 0
-545 649 -545 746 0
-549 645 -549 746 0
-548 646 -548 746 0
-547 647 -547 746 0
-546 648 -546 746 0
-544 649 -544 747 0
-549 644 -549 747 0
-548 645 -548 747 0
-547 646 -547 747 0
-546 647 -546 747 0
-545 648 -545 747 0
-543 649 -543 748 0
-549 643 -549 748 0
-548 644 -548 748 0
-547 645 -547 748 0
-546 646 -546 748 0
-545 647 -545 748 0
-544 648 -544 748 0
12
-593 699 0
-599 693 0
-598 694 0
-597 695 0
-596 696 0
-595 697 0
-594 698 0
27
-618 711 -618 819 -618 919 0
-617 712 -617 819 -617 919 0
-616 713 -616 819 -616 919 0
-615 714 -615 819 -615 919 0
-614 715 -614 819 -614 919 0
-613 716 -613 819 -613 919 0
-612 717 -612 819 -612 919 0
-611 718 -611 819 -611 919 0
-618 719 -618 811 -618 919 0
-619 718 -619 811 -619 919 0
-617 719 -617 812 -617 919 0
-619 717 -619 812 -619 919 0
-618 718 -618 812 -618 919 0
-616 719 -616 813 -616 919 0
-619 716 -619 813 -619 919 0
-618 717 -618 813 -618 919 0
-617 718 -617 813 -617 919 0
-615 719 -615 814 -615 919 0
-619 715 -619 814 -619 919 0
-618 716 -618 814 -618 919 0
-617 717 -617 814 -617 919 0
-616 718 -616 814 -616 919 0
-614 719 -614 815 -614 919 0
-619 714 -619 815 -619 919 0
-618 715 -618 815 -618 919 0
-617 716 -617 815 -617 919 0
-616 717 -616 815 -616 919 0
-615 718 -615 815 -615 919 0
-613 719 -613 816 -613 919 0
-619 713 -619 816 -619 919 0
-618 714 -618 816 -618 919 0
-617 715 -617 816 -617 919 0
-616 716 -616 816 -616 919 0
-615 717 -615 816 -615 919 0
-614 718 -614 816 -614 919 0
-612 719 -612 817 -612 919 0
-619 712 -619 817 -619 919 0
-618 713 -618 817 -618 919 0
-617 714 -617 817 -617 919 0
-616 715 -616 817 -616 919 0
-615 716 -615 817 -615 919 0
-614 717 -614 817 -614 919 0
-613 718 -613 817 -613 919 0
-611 719 -611 818 -611 919 0
-619 711 -619 818 -619 919 0
-618 712 -618 818 -618 919 0
-617 713 -617 818 -617 919 0
-616 714 -616 818 -616 919 0
-615 715 -615 818 -615 919 0
-614 716 -614 818 -614 919 0
-613 717 -613 818 -613 919 0
-612 718 -612 818 -612 919 0
-618 719 -618 819 -618 911 0
-619 718 -619 819 -619 911 0
-619 719 -619 818 -619 911 0
-617 719 -617 819 -617 912 0
-619 717 -619 819 -619 912 0
-618 718 -618 819 -618 912 0
-619 719 -619 817 -619 912 0
-618 719 -618 818 -618 912 0
-619 718 -619 818 -619 912 0
-616 719 -616 819 -616 913 0
-619 716 -619 819 -619 913 0
-618 717 -618 819 -618 913 0
-617 718 -617 819 -617 913 0
-619 719 -619 816 -619 913 0
-618 719 -618 817 -618 913 0
-619 718 -619 817 -619 913 0
-617 719 -617 818 -617 913 0
-619 717 -619 818 -619 913 0
-618 718 -618 818 -618 913 0
-615 719 -615 819 -615 914 0
-619 715 -619 819 -619 914 0
-618 716 -618 819 -618 914 0
-617 717 -617 819 -617 914 0
-616 718 -616 819 -616 914 0
-619 719 -619 815 -619 914 0
-618 719 -618 816 -618 914 0
-619 718 -619 816 -619 914 0
-617 719 -617 817 -617 914 0
-619 717 -619 817 -619 914 0
-618 718 -618 817 -618 914 0
-616 719 -616 818 -616 914 0
-619 716 -619 818 -619 914 0
-618 717 -618 818 -618 914 0
-617 718 -617 818 -617 914 0
-614 719 -614 819 -614 915 0
-619 714 -619 819 -619 915 0
-618 715 -618 819 -618 915 0
-617 716 -617 819 -617 915 0
-616 717 -616 819 -616 915 0
-615 718 -615 819 -615 915 0
-619 719 -619 814 -619 915 0
-618 719 -618 815 -618 915 0
-619 718 -619 815 -619 915 0
-617 719 -617 816 -617 915 0
-619 717 -619 816 -619 915 0
-618 718 -618 816 -618 915 0
-616 719 -616 817 -616 915 0
-619 716 -619 817 -619 915 0
-618 717 -618 817 -618 915 0
-617 718 -617 817 -617 915 0
-615 719 -615 818 -615 915 0
-619 715 -619 818 -619 915 0
-618 716 -618 818 -618 915 0
-617 717 -617 818 -617 915 0
-616 718 -616 818 -616 915 0
-613 719 -613 819 -613 916 0
-619 713 -619 819 -619 916 0
-618 714 -618 819 -618 916 0
-617 715 -617 819 -617 916 0
-616 716 -616 819 -616 916 0
-615 717 -615 819 -615 916 0
-614 718 -614 819 -614 916 0
-619 719 -619 813 -619 916 0
-618 719 -618 814 -618 916 0
-619 718 -619 814 -619 916 0
-617 719 -617 815 -617 916 0
-619 717 -619 815 -619 916 0
-618 718 -618 815 -618 916 0
-616 719 -616 816 -616 916 0
-619 716 -619 816 -619 916 0
-618 717 -618 816 -618 916 0
-617 718 -617 816 -617 916 0
-615 719 -615 817 -615 916 0
-619 715 -619 817 -619 916 0
-618 716 -618 817 -618 916 0
-617 717 -617 817 -617 916 0
-616 718 -616 817 -616 916 0
-614 719 -614 818 -614 916 0
-619 714 -619 818 -619 916 0
-618 715 -618 818 -618 916 0
-617 716 -617 818 -617 916 0
-616 717 -616 818 -616 916 0
-615 718 -615 818 -615 916 0
-612 719 -612 819 -612 917 0
-619 712 -619 819 -619 917 0
-618 713 -618 819 -618 917 0
-617 714 -617 819 -617 917 0
-616 715 -616 819 -616 917 0
-615 716 -615 819 -615 917 0
-614 717 -614 819 -614 917 0
-613 718 -613 819 -613 917 0
-619 719 -619 812 -619 917 0
-618 719 -618 813 -618 917 0
-619 718 -619 813 -619 917 0
-617 719 -617 814 -617 917 0
-619 717 -619 814 -619 917 0
-618 718 -618 814 -618 917 0
-616 719 -616 815 -616 917 0
-619 716 -619 815 -619 917 0
-618 717 -618 815 -618 917 0
-617 718 -617 815 -617 917 0
-615 719 -615 816 -615 917 0
-619 715 -619 816 -619 917 0
-618 716 -618 816 -618 917 0
-617 717 -617 816 -617 917 0
-616 718 -616 816 -616 917 0
-614 719 -614 817 -614 917 0
-619 714 -619 817 -619 917 0
-618 715 -618 817 -618 917 0
-617 716 -617 817 -617 917 0
-616 717 -616 817 -616 917 0
-615 718 -615 817 -615 917 0
-613 719 -613 818 -613 917 0
-619 713 -619 818 -619 917 0
-618 714 -618 818 -618 917 0
-617 715 -617 818 -617 917 0
-616 716 -616 818 -616 917 0
-615 717 -615 818 -615 917 0
-614 718 -614 818 -614 917 0
-611 719 -611 819 -611 918 0
-619 711 -619 819 -619 918 0
-618 712 -618 819 -618 918 0
-617 713 -617 819 -617 918 0
-616 714 -616 819 -616 918 0
-615 715 -615 819 -615 918 0
-614 716 -614 819 -614 918 0
-613 717 -613 819 -613 918 0
-612 718 -612 819 -612 918 0
-619 719 -619 811 -619 918 0
-618 719 -618 812 -618 918 0
-619 718 -619 812 -619 918 0
-617 719 -617 813 -617 918 0
-619 717 -619 813 -619 918 0
-618 718 -618 813 -618 918 0
-616 719 -616 814 -616 918 0
-619 716 -619 814 -619 918 0
-618 717 -618 814 -618 918 0
-617 718 -617 814 -617 918 0
-615 719 -615 815 -615 918 0
-619 715 -619 815 -619 918 0
-618 716 -618 815 -618 918 0
-617 717 -617 815 -617 918 0
-616 718 -616 815 -616 918 0
-614 719 -614 816 -614 918 0
-619 714 -619 816 -619 918 0
-618 715 -618 816 -618 918 0
-617 716 -617 816 -617 918 0
-616 717 -616 816 -616 918 0
-615 718 -615 816 -615 918 0
-613 719 -613 817 -613 918 0
-619 713 -619 817 -619 918 0
-618 714 -618 817 -618 918 0
-617 715 -617 817 -617 918 0
-616 716 -616 817 -616 918 0
-615 717 -615 817 -615 918 0
-614 718 -614 817 -614 918 0
-612 719 -612 818 -612 918 0
-619 712 -619 818 -619 918 0
-618 713 -618 818 -618 918 0
-617 714 -617 818 -617 918 0
-616 715 -616 818 -616 918 0
-615 716 -615 818 -615 918 0
-614 717 -614 818 -614 918 0
-613 718 -613 818 -613 918 0
6
-634 721 -634 731 0
-633 722 -633 731 0
-632 723 -632 731 0
-631 724 -631 731 0
-633 721 -633 732 0
-632 722 -632 732 0
-631 723 -631 732 0
-632 721 -632 733 0
-631 722 -631 733 0
-631 721 -631 734 0
20
-662 769 -662 779 0
-669 762 -669 779 0
-668 763 -668 779 0
-667 764 -667 779 0
-666 765 -666 779 0
-665 766 -665 779 0
-664 767 -664 779 0
-663 768 -663 779 0
-669 769 -669 772 0
-668 769 -668 773 0
-669 768 -669 773 0
-667 769 -667 774 0
-669 767 -669 774 0
-668 768 -668 774 0
-666 769 -666 775 0
-669 766 -669 775 0
-668 767 -668 775 0
-667 768 -667 775 0
-665 769 -665 776 0
-669 765 -669 776 0
-668 766 -668 776 0
-667 767 -667 776 0
-666 768 -666 776 0
-664 769 -664 777 0
-669 764 -669 777 0
-668 765 -668 777 0
-667 766 -667 777 0
-666 767 -666 777 0
-665 768 -665 777 0
-663 769 -663 778 0
-669 763 -669 778 0
-668 764 -668 778 0
-667 765 -667 778 0
-666 766 -666 778 0
-665 767 -665 778 0
-664 768 -664 778 0
6
-675 681 0
-674 682 0
-673 683 0
-672 684 0
-671 685 0
10
-757 841 -757 851 -757 941 0
-756 842 -756 851 -756 941 0
-755 843 -755 851 -755 941 0
-754 844 -754 851 -754 941 0
-753 845 -753 851 -753 941 0
-752 846 -752 851 -752 941 0
-751 847 -751 851 -751 941 0
-756 841 -756 852 -756 941 0
-755 842 -755 852 -755 941 0
-754 843 -754 852 -754 941 0
-753 844 -753 852 -753 941 0
-752 845 -752 852 -752 941 0
-751 846 -751 852 -751 941 0
-755 841 -755 853 -755 941 0
-754 842 -754 853 -754 941 0
-753 843 -753 853 -753 941 0
-752 844 -752 853 -752 941 0
-751 845 -751 853 -751 941 0
-754 841 -754 854 -754 941 0
-753 842 -753 854 -753 941 0
-752 843 -752 854 -752 941 0
-751 844 -751 854 -751 941 0
-753 841 -753 855 -753 941 0
-752 842 -752 855 -752 941 0
-751 843 -751 855 -751 941 0
-752 841 -752 856 -752 941 0
-751 842 -751 856 -751 941 0
-751 841 -751 857 -751 941 0
-756 841 -756 851 -756 942 0
-755 842 -755 851 -755 942 0
-754 843 -754 851 -754 942 0
-753 844 -753 851 -753 942 0
-752 845 -752 851 -752 942 0
-751 846 -751 851 -751 942 0
-755 841 -755 852 -755 942 0
-754 842 -754 852 -754 942 0
-753 843 -753 852 -753 942 0
-752 844 -752 852 -752 942 0
-751 845 -751 852 -751 942 0
-754 841 -754 853 -754 942 0
-753 842 -753 853 -753 942 0
-752 843 -752 853 -752 942 0
-751 844 -751 853 -751 942 0
-753 841 -753 854 -753 942 0
-752 842 -752 854 -752 942 0
-751 843 -751 854 -751 942 0
-752 841 -752 855 -752 942 0
-751 842 -751 855 -751 942 0
-751 841 -751 856 -751 942 0
-755 841 -755 851 -755 943 0
-754 842 -754 851 -754 943 0
-753 843 -753 851 -753 943 0
-752 844 -752 851 -752 943 0
-751 845 -751 851 -751 943 0
-754 841 -754 852 -754 943 0
-753 842 -753 852 -753 943 0
-752 843 -752 852 -752 943 0
-751 844 -751 852 -751 943 0
-753 841 -753 853 -753 943 0
-752 842 -752 853 -752 943 0
-751 843 -751 853 -751 943 0
-752 841 -752 854 -752 943 0
-751 842 -751 854 -751 943 0
-751 841 -751 855 -751 943 0
-754 841 -754 851 -754 944 0
-753 842 -753 851 -753 944 0
-752 843 -752 851 -752 944 0
-751 844 -751 851 -751 944 0
-753 841 -753 852 -753 944 0
-752 842 -752 852 -752 944 0
-751 843 -751 852 -751 944 0
-752 841 -752 853 -752 944 0
-751 842 -751 853 -751 944 0
-751 841 -751 854 -751 944 0
-753 841 -753 851 -753 945 0
-752 842 -752 851 -752 945 0
-751 843 -751 851 -751 945 0
-752 841 -752 852 -752 945 0
-751 842 -751 852 -751 945 0
-751 841 -751 853 -751 945 0
-752 841 -752 851 -752 946 0
-751 842 -751 851 -751 946 0
-751 841 -751 852 -751 946 0
-751 841 -751 851 -751 947 0
14
-783 791 -783 881 -783 899 0
-782 792 -782 881 -782 899 0
-781 793 -781 881 -781 899 0
-782 791 -782 882 -782 899 0
-781 792 -781 882 -781 899 0
-781 791 -781 883 -781 899 0
-783 791 -783 889 -783 891 0
-782 792 -782 889 -782 891 0
-781 793 -781 889 -781 891 0
-783 799 -783 881 -783 891 0
-789 793 -789 881 -789 891 0
-788 794 -788 881 -788 891 0
-787 795 -787 881 -787 891 0
-786 796 -786 881 -786 891 0
-785 797 -785 881 -785 891 0
-784 798 -784 881 -784 891 0
-782 799 -782 882 -782 891 0
-789 792 -789 882 -789 891 0
-788 793 -788 882 -788 891 0
-787 794 -787 882 -787 891 0
-786 795 -786 882 -786 891 0
-785 796 -785 882 -785 891 0
-784 797 -784 882 -784 891 0
-783 798 -783 882 -783 891 0
-781 799 -781 883 -781 891 0
-789 791 -789 883 -789 891 0
-788 792 -788 883 -788 891 0
-787 793 -787 883 -787 891 0
-786 794 -786 883 -786 891 0
-785 795 -785 883 -785 891 0
-784 796 -784 883 -784 891 0
-783 797 -783 883 -783 891 0
-782 798 -782 883 -782 891 0
-788 791 -788 884 -788 891 0
-787 792 -787 884 -787 891 0
-786 793 -786 884 -786 891 0
-785 794 -785 884 -785 891 0
-784 795 -784 884 -784 891 0
-783 796 -783 884 -783 891 0
-782 797 -782 884 -782 891 0
-781 798 -781 884 -781 891 0
-787 791 -787 885 -787 891 0
-786 792 -786 885 -786 891 0
-785 793 -785 885 -785 891 0
-784 794 -784 885 -784 891 0
-783 795 -783 885 -783 891 0
-782 796 -782 885 -782 891 0
-781 797 -781 885 -781 891 0
-786 791 -786 886 -786 891 0
-785 792 -785 886 -785 891 0
-784 793 -784 886 -784 891 0
-783 794 -783 886 -783 891 0
-782 795 -782 886 -782 891 0
-781 796 -781 886 -781 891 0
-785 791 -785 887 -785 891 0
-784 792 -784 887 -784 891 0
-783 793 -783 887 -783 891 0
-782 794 -782 887 -782 891 0
-781 795 -781 887 -781 891 0
-784 791 -784 888 -784 891 0
-783 792 -783 888 -783 891 0
-782 793 -782 888 -782 891 0
-781 794 -781 888 -781 891 0
-782 791 -782 889 -782 892 0
-781 792 -781 889 -781 892 0
-782 799 -782 881 -782 892 0
-789 792 -789 881 -789 892 0
-788 793 -788 881 -788 892 0
-787 794 -787 881 -787 892 0
-786 795 -786 881 -786 892 0
-785 796 -785 881 -785 892 0
-784 797 -784 881 -784 892 0
-783 798 -783 881 -783 892 0
-781 799 -781 882 -781 892 0
-789 791 -789 882 -789 892 0
-788 792 -788 882 -788 892 0
-787 793 -787 882 -787 892 0
-786 794 -786 882 -786 892 0
-785 795 -785 882 -785 892 0
-784 796 -784 882 -784 892 0
-783 797 -783 882 -783 892 0
-782 798 -782 882 -782 892 0
-788 791 -788 883 -788 892 0
-787 792 -787 883 -787 892 0
-786 793 -786 883 -786 892 0
-785 794 -785 883 -785 892 0
-784 795 -784 883 -784 892 0
-783 796 -783 883 -783 892 0
-782 797 -782 883 -782 892 0
-781 798 -781 883 -781 892 0
-787 791 -787 884 -787 892 0
-786 792 -786 884 -786 892 0
-785 793 -785 884 -785 892 0
-784 794 -784 884 -784 892 0
-783 795 -783 884 -783 892 0
-782 796 -782 884 -782 892 0
-781 797 -781 884 -781 892 0
-786 791 -786 885 -786 892 0
-785 792 -785 885 -785 892 0
-784 793 -784 885 -784 892 0
-783 794 -783 885 -783 892 0
-782 795 -782 885 -782 892 0
-781 796 -781 885 -781 892 0
-785 791 -785 886 -785 892 0
-784 792 -784 886 -784 892 0
-783 793 -783 886 -783 892 0
-782 794 -782 886 -782 892 0
-781 795 -781 886 -781 892 0
-784 791 -784 887 -784 892 0
-783 792 -783 887 -783 892 0
-782 793 -782 887 -782 892 0
-781 794 -781 887 -781 892 0
-783 791 -783 888 -783 892 0
-782 792 -782 888 -782 892 0
-781 793 -781 888 -781 892 0
-781 791 -781 889 -781 893 0
-781 799 -781 881 -781 893 0
-789 791 -789 881 -789 893 0
-788 792 -788 881 -788 893 0
-787 793 -787 881 -787 893 0
-786 794 -786 881 -786 893 0
-785 795 -785 881 -785 893 0
-784 796 -784 881 -784 893 0
-783 797 -783 881 -783 893 0
-782 798 -782 881 -782 893 0
-788 791 -788 882 -788 893 0
-787 792 -787 882 -787 893 0
-786 793 -786 882 -786 893 0
-785 794 -785 882 -785 893 0
-784 795 -784 882 -784 893 0
-783 796 -783 882 -783 893 0
-782 797 -782 882 -782 893 0
-781 798 -781 882 -781 893 0
-787 791 -787 883 -787 893 0
-786 792 -786 883 -786 893 0
-785 793 -785 883 -785 893 0
-784 794 -784 883 -784 893 0
-783 795 -783 883 -783 893 0
-782 796 -782 883 -782 893 0
-781 797 -781 883 -781 893 0
-786 791 -786 884 -786 893 0
-785 792 -785 884 -785 893 0
-784 793 -784 884 -784 893 0
-783 794 -783 884 -783 893 0
-782 795 -782 884 -782 893 0
-781 796 -781 884 -781 893 0
-785 791 -785 885 -785 893 0
-784 792 -784 885 -784 893 0
-783 793 -783 885 -783 893 0
-782 794 -782 885 -782 893 0
-781 795 -781 885 -781 893 0
-784 791 -784 886 -784 893 0
-783 792 -783 886 -783 893 0
-782 793 -782 886 -782 893 0
-781 794 -781 886 -781 893 0
-783 791 -783 887 -783 893 0
-782 792 -782 887 -782 893 0
-781 793 -781 887 -781 893 0
-782 791 -782 888 -782 893 0
-781 792 -781 888 -781 893 0
-788 791 -788 881 -788 894 0
-787 792 -787 881 -787 894 0
-786 793 -786 881 -786 894 0
-785 794 -785 881 -785 894 0
-784 795 -784 881 -784 894 0
-783 796 -783 881 -783 894 0
-782 797 -782 881 -782 894 0
-781 798 -781 881 -781 894 0
-787 791 -787 882 -787 894 0
-786 792 -786 882 -786 894 0
-785 793 -785 882 -785 894 0
-784 794 -784 882 -784 894 0
-783 795 -783 882 -783 894 0
-782 796 -782 882 -782 894 0
-781 797 -781 882 -781 894 0
-786 791 -786 883 -786 894 0
-785 792 -785 883 -785 894 0
-784 793 -784 883 -784 894 0
-783 794 -783 883 -783 894 0
-782 795 -782 883 -782 894 0
-781 796 -781 883 -781 894 0
-785 791 -785 884 -785 894 0
-784 792 -784 884 -784 894 0
-783 793 -783 884 -783 894 0
-782 794 -782 884 -782 894 0
-781 795 -781 884 -781 894 0
-784 791 -784 885 -784 894 0
-783 792 -783 885 -783 894 0
-782 793 -782 885 -782 894 0
-781 794 -781 885 -781 894 0
-783 791 -783 886 -783 894 0
-782 792 -782 886 -782 894 0
-781 793 -781 886 -781 894 0
-782 791 -782 887 -782 894 0
-781 792 -781 887 -781 894 0
-781 791 -781 888 -781 894 0
-787 791 -787 881 -787 895 0
-786 792 -786 881 -786 895 0
-785 793 -785 881 -785 895 0
-784 794 -784 881 -784 895 0
-783 795 -783 881 -783 895 0
-782 796 -782 881 -782 895 0
-781 797 -781 881 -781 895 0
-786 791 -786 882 -786 895 0
-785 792 -785 882 -785 895 0
-784 793 -784 882 -784 895 0
-783 794 -783 882 -783 895 0
-782 795 -782 882 -782 895 0
-781 796 -781 882 -781 895 0
-785 791 -785 883 -785 895 0
-784 792 -784 883 -784 895 0
-783 793 -783 883 -783 895 0
-782 794 -782 883 -782 895 0
-781 795 -781 883 -781 895 0
-784 791 -784 884 -784 895 0
-783 792 -783 884 -783 895 0
-782 793 -782 884 -782 895 0
-781 794 -781 884 -781 895 0
-783 791 -783 885 -783 895 0
-782 792 -782 885 -782 895 0
-781 793 -781 885 -781 895 0
-782 791 -782 886 -782 895 0
-781 792 -781 886 -781 895 0
-781 791 -781 887 -781 895 0
-786 791 -786 881 -786 896 0
-785 792 -785 881 -785 896 0
-784 793 -784 881 -784 896 0
-783 794 -783 881 -783 896 0
-782 795 -782 881 -782 896 0
-781 796 -781 881 -781 896 0
-785 791 -785 882 -785 896 0
-784 792 -784 882 -784 896 0
-783 793 -783 882 -783 896 0
-782 794 -782 882 -782 896 0
-781 795 -781 882 -781 896 0
-784 791 -784 883 -784 896 0
-783 792 -783 883 -783 896 0
-782 793 -782 883 -782 896 0
-781 794 -781 883 -781 896 0
-783 791 -783 884 -783 896 0
-782 792 -782 884 -782 896 0
-781 793 -781 884 -781 896 0
-782 791 -782 885 -782 896 0
-781 792 -781 885 -781 896 0
-781 791 -781 886 -781 896 0
-785 791 -785 881 -785 897 0
-784 792 -784 881 -784 897 0
-783 793 -783 881 -783 897 0
-782 794 -782 881 -782 897 0
-781 795 -781 881 -781 897 0
-784 791 -784 882 -784 897 0
-783 792 -783 882 -783 897 0
-782 793 -782 882 -782 897 0
-781 794 -781 882 -781 897 0
-783 791 -783 883 -783 897 0
-782 792 -782 883 -782 897 0
-781 793 -781 883 -781 897 0
-782 791 -782 884 -782 897 0
-781 792 -781 884 -781 897 0
-781 791 -781 885 -781 897 0
-784 791 -784 881 -784 898 0
-783 792 -783 881 -783 898 0
-782 793 -782 881 -782 898 0
-781 794 -781 881 -781 898 0
-783 791 -783 882 -783 898 0
-782 792 -782 882 -782 898 0
-781 793 -781 882 -781 898 0
-782 791 -782 883 -782 898 0
-781 792 -781 883 -781 898 0
-781 791 -781 884 -781 898 0
8
-827 921 0
-826 922 0
-825 923 0
-824 924 0
-823 925 0
-822 926 0
-821 927 0
16
-837 939 0
-839 937 0
-838 938 0
15
-866 879 0
-869 876 0
-868 877 0
-867 878 0
13
-953 961 -953 979 0
-952 962 -952 979 0
-951 963 -951 979 0
-953 969 -953 971 0
-959 963 -959 971 0
-958 964 -958 971 0
-957 965 -957 971 0
-956 966 -956 971 0
-955 967 -955 971 0
-954 968 -954 971 0
-952 969 -952 972 0
-959 962 -959 972 0
-958 963 -958 972 0
-957 964 -957 972 0
-956 965 -956 972 0
-955 966 -955 972 0
-954 967 -954 972 0
-953 968 -953 972 0
-951 969 -951 973 0
-959 961 -959 973 0
-958 962 -958 973 0
-957 963 -957 973 0
-956 964 -956 973 0
-955 965 -955 973 0
-954 966 -954 973 0
-953 967 -953 973 0
-952 968 -952 973 0
-958 961 -958 974 0
-957 962 -957 974 0
-956 963 -956 974 0
-955 964 -955 974 0
-954 965 -954 974 0
-953 966 -953 974 0
-952 967 -952 974 0
-951 968 -951 974 0
-957 961 -957 975 0
-956 962 -956 975 0
-955 963 -955 975 0
-954 964 -954 975 0
-953 965 -953 975 0
-952 966 -952 975 0
-951 967 -951 975 0
-956 961 -956 976 0
-955 962 -955 976 0
-954 963 -954 976 0
-953 964 -953 976 0
-952 965 -952 976 0
-951 966 -951 976 0
-955 961 -955 977 0
-954 962 -954 977 0
-953 963 -953 977 0
-952 964 -952 977 0
-951 965 -951 977 0
-954 961 -954 978 0
-953 962 -953 978 0
-952 963 -952 978 0
-951 964 -951 978 0
17
-988 999 0
-989 998 0
