9 9 9
g jigsaw
u (1,1) (1,2) (1,3) (2,1) (2,2) (2,3) (3,1) (4,1) (4,2) *
u (1,4) (2,4) (2,5) (2,6) (3,6) (3,7) (3,8) (4,8) (4,9) *
u (1,5) (1,6) (1,7) (1,8) (1,9) (2,7) (2,8) (2,9) (3,9) *
u (3,2) (3,3) (3,4) (3,5) (4,3) (5,1) (5,2) (5,3) (5,4) *
u (4,4) (4,5) (4,6) (4,7) (5,5) (6,3) (6,4) (6,5) (6,6) *
u (5,6) (5,7) (5,8) (5,9) (6,7) (7,5) (7,6) (7,7) (7,8) *
u (6,1) (6,2) (7,2) (7,3) (7,4) (8,4) (8,5) (8,6) (9,6) *
u (7,1) (8,1) (8,2) (8,3) (9,1) (9,2) (9,3) (9,4) (9,5) *
u (6,8) (6,9) (7,9) (8,7) (8,8) (8,9) (9,7) (9,8) (9,9) *
s 1 (2,7) *
s 1 (3,2) *
s 1 (5,8) *
s 1 (8,5) *
s 2 (2,3) *
s 2 (3,8) *
s 2 (5,2) *
s 3 (1,1) *
s 3 (7,4) *
s 4 (1,9) *
s 4 (7,6) *
s 4 (8,3) *
s 5 (9,1) *
s 5 (4,3) *
s 6 (4,7) *
s 6 (2,5) *
s 6 (7,8) *
s 7 (9,9) *
s 8 (3,6) *
s 8 (6,7) *
s 8 (7,2) *
s 9 (3,4) *
s 9 (6,3) *
s 9 (8,7) *
