9 9 9
g killer
s 3 (1,1) (1,2) *
u (1,1) (1,2) *
s 15 (1,3) (1,4) (1,5) *
u (1,3) (1,4) (1,5) *
s 22 (1,6) (2,5) (2,6) (3,5) *
u (1,6) (2,5) (2,6) (3,5) *
s 4 (1,7) (2,7) *
u (1,7) (2,7) *
s 16 (1,8) (2,8) *
u (1,8) (2,8) *
s 15 (1,9) (2,9) (3,9) (4,9) *
u (1,9) (2,9) (3,9) (4,9) *
s 25 (2,1) (2,2) (3,1) (3,2) *
u (2,1) (2,2) (3,1) (3,2) *
s 17 (2,3) (2,4) *
u (2,3) (2,4) *
s 9 (3,3) (3,4) (4,4) *
u (3,3) (3,4) (4,4) *
s 8 (3,6) (4,6) (5,6) *
u (3,6) (4,6) (5,6) *
s 20 (3,7) (3,8) (4,7) *
u (3,7) (3,8) (4,7) *
s 6 (4,1) (5,1) *
u (4,1) (5,1) *
s 14 (4,2) (4,3) *
u (4,2) (4,3) *
s 17 (4,5) (5,5) (6,5) *
u (4,5) (5,5) (6,5) *
s 17 (4,8) (5,7) (5,8) *
u (4,8) (5,7) (5,8) *
s 13 (5,2) (5,3) (6,2) *
u (5,2) (5,3) (6,2) *
s 20 (5,4) (6,4) (7,4) *
u (5,4) (6,4) (7,4) *
s 12 (5,9) (6,9) *
u (5,9) (6,9) *
s 27 (6,1) (7,1) (8,1) (9,1) *
u (6,1) (7,1) (8,1) (9,1) *
s 6 (6,3) (7,2) (7,3) *
u (6,3) (7,2) (7,3) *
s 20 (6,6) (7,6) (7,7) *
u (6,6) (7,6) (7,7) *
s 6 (6,7) (6,8) *
u (6,7) (6,8) *
s 10 (7,5) (8,4) (8,5) (9,4) *
u (7,5) (8,4) (8,5) (9,4) *
s 14 (7,8) (7,9) (8,8) (8,9) *
u (7,8) (7,9) (8,8) (8,9) *
s 8 (8,2) (9,2) *
u (8,2) (9,2) *
s 16 (8,3) (9,3) *
u (8,3) (9,3) *
s 15 (8,6) (8,7) *
u (8,6) (8,7) *
s 13 (9,5) (9,6) (9,7) *
u (9,5) (9,6) (9,7) *
s 17 (9,8) (9,9) *
u (9,8) (9,9) *
